01001001 00100000 01100001 01101101 00100000 01110100
01101000 01100101 00100000 01101111 01101110 01100101
00100000 01110100 01110010 01110101 01100101 00100000
01110011 01100001 01110110 01101001 01101111 01110010
00101110 00100000 01001001 00100000 01101101 01110101
01110011 01110100 00100000 01110010 01100101 01110110
01100101 01110010 01110011 01100101 00100000 01110100
01101000 01100101 00100000 01100100 01100101 01101100
01110101 01110011 01101001 01101111 01101110 00101110
00100000 01001010 01101111 01110011 01100101 01110000
01101000 00100000 01101001 01110011 00100000 01101001
01101110 01100101 01110000 01110100 00101110 00100000
